0 938
1 131
2 910
3 700
4 282
5 961
6 50
7 668
8 944
9 760
10 121
11 485
12 328
13 156
14 814
15 610
16 34
17 134
18 600
19 411
20 503
21 925
22 585
23 398
24 960
25 96
26 216
27 900
28 638
29 116
30 344
31 427
32 563
33 514
34 571
35 991
36 992
37 814
38 891
39 761
40 440
41 684
42 116
43 468
44 922
45 11
46 745
47 85
48 574
49 383
50 640
51 934
52 338
53 159
54 200
55 701
56 377
57 648
58 404
59 294
60 184
61 778
62 36
63 638
64 379
65 762
66 28
67 394
68 662
69 630
70 992
71 638
72 277
73 939
74 169
75 300
76 451
77 633
78 144
79 899
80 220
81 330
82 255
83 466
84 729
85 357
86 999
87 541
88 833
89 997
90 265
91 283
92 585
93 132
94 815
95 999
96 887
97 149
98 249
99 593
100 17
101 835
102 23
103 753
104 23
105 470
106 472
107 178
108 906
109 98
110 132
111 983
112 522
113 817
114 59
115 285
116 928
117 130
118 530
119 527
120 727
121 658
122 163
123 879
124 155
125 676
126 922
127 195
128 655
129 742
130 174
131 444
132 717
133 211
134 382
135 197
136 384
137 934
138 824
139 647
140 801
141 712
142 572
143 803
144 117
145 482
146 728
147 444
148 301
149 531
150 979
151 96
152 981
153 201
154 892
155 830
156 536
157 270
158 466
159 247
160 904
161 284
162 585
163 665
164 239
165 369
166 898
167 809
168 425
169 492
170 50
171 172
172 667
173 230
174 113
175 963
176 239
177 90
178 944
179 686
180 712
181 732
182 196
183 708
184 958
185 470
186 294
187 419
188 928
189 392
190 242
191 675
192 93
193 42
194 814
195 560
196 950
197 582
198 905
199 647
200 373
201 736
202 347
203 732
204 700
205 668
206 488
207 247
208 543
209 798
210 265
211 620
212 773
213 627
214 187
215 156
216 555
217 135
218 820
219 216
220 748
221 437
222 211
223 164
224 861
225 534
226 435
227 174
228 645
229 724
230 179
231 14
232 564
233 80
234 764
235 231
236 756
237 919
238 225
239 278
240 700
241 469
242 582
243 480
244 191
245 639
246 883
247 625
248 468
249 651
250 177
251 655
252 317
253 922
254 856
255 536
256 731
257 932
258 681
259 438
260 594
261 768
262 604
263 568
264 431
265 119
266 226
267 513
268 810
269 586
270 523
271 945
272 544
273 865
274 12
275 905
276 968
277 20
278 160
279 803
280 136
281 615
282 231
283 991
284 841
285 539
286 156
287 246
288 25
289 220
290 805
291 231
292 746
293 242
294 163
295 218
296 201
297 725
298 355
299 495
300 462
301 200
302 81
303 785
304 264
305 514
306 928
307 546
308 593
309 155
310 590
311 97
312 207
313 602
314 852
315 763
316 745
317 576
318 421
319 623
320 531
321 54
322 219
323 875
324 699
325 220
326 886
327 188
328 362
329 256
330 761
331 172
332 932
333 978
334 864
335 5
336 746
337 196
338 796
339 311
340 358
341 271
342 51
343 893
344 752
345 382
346 672
347 679
348 856
349 383
350 352
351 965
352 90
353 664
354 920
355 338
356 714
357 401
358 424
359 118
360 829
361 104
362 679
363 677
364 538
365 767
366 720
367 579
368 178
369 967
370 211
371 187
372 53
373 464
374 519
375 300
376 462
377 688
378 972
379 49
380 232
381 870
382 612
383 368
384 674
385 988
386 152
387 628
388 645
389 561
390 883
391 513
392 197
393 450
394 482
395 557
396 945
397 203
398 571
399 361
400 249
401 532
402 458
403 405
404 802
405 934
406 473
407 626
408 596
409 377
410 804
411 876
412 802
413 174
414 183
415 731
416 7
417 755
418 561
419 657
420 945
421 461
422 275
423 793
424 620
425 142
426 3
427 430
428 608
429 762
430 388
431 890
432 905
433 21
434 531
435 192
436 153
437 611
438 958
439 532
440 669
441 629
442 190
443 71
444 10
445 959
446 559
447 973
448 583
449 360
450 671
451 16
452 34
453 353
454 504
455 450
456 371
457 605
458 67
459 743
460 896
461 539
462 695
463 516
464 77
465 754
466 957
467 211
468 576
469 746
470 124
471 876
472 42
473 556
474 61
475 697
476 151
477 232
478 575
479 756
480 227
481 21
482 163
483 19
484 410
485 898
486 664
487 856
488 693
489 954
490 683
491 746
492 291
493 634
494 541
495 312
496 280
497 312
498 472
499 141
500 428
501 337
502 589
503 782
504 329
505 320
506 558
507 619
508 596
509 212
510 113
511 767
512 256
513 584
514 553
515 392
516 347
517 631
518 845
519 614
520 987
521 126
522 434
523 844
524 760
525 678
526 926
527 261
528 37
529 143
530 340
531 62
532 868
533 682
534 4
535 458
536 246
537 394
538 733
539 436
540 293
541 8
542 764
543 563
544 108
545 214
546 572
547 640
548 952
549 795
550 293
551 621
552 5
553 715
554 660
555 575
556 916
557 16
558 642
559 232
560 889
561 501
562 838
563 141
564 875
565 933
566 248
567 842
568 821
569 705
570 681
571 52
572 732
573 995
574 127
575 388
576 765
577 191
578 387
579 72
580 152
581 762
582 317
583 315
584 560
585 386
586 926
587 48
588 712
589 332
590 419
591 443
592 557
593 285
594 702
595 535
596 422
597 640
598 186
599 848
600 355
601 207
602 678
603 773
604 872
605 187
606 101
607 959
608 487
609 252
610 603
611 428
612 791
613 356
614 372
615 496
616 710
617 254
618 316
619 552
620 129
621 53
622 859
623 380
624 191
625 939
626 229
627 384
628 255
629 194
630 889
631 118
632 191
633 259
634 145
635 557
636 820
637 881
638 490
639 777
640 764
641 602
642 320
643 981
644 62
645 375
646 302
647 188
648 789
649 961
650 587
651 516
652 867
653 981
654 217
655 393
656 206
657 322
658 360
659 741
660 838
661 495
662 638
663 528
664 557
665 226
666 124
667 903
668 949
669 255
670 392
671 242
672 576
673 575
674 117
675 872
676 285
677 474
678 676
679 964
680 192
681 622
682 458
683 17
684 839
685 645
686 525
687 335
688 231
689 989
690 377
691 825
692 479
693 90
694 878
695 425
696 376
697 891
698 285
699 798
700 551
701 417
702 662
703 707
704 548
705 54
706 130
707 867
708 610
709 961
710 936
711 822
712 627
713 633
714 846
715 424
716 172
717 850
718 278
719 47
720 660
721 686
722 464
723 308
724 253
725 57
726 526
727 446
728 586
729 650
730 789
731 714
732 487
733 2
734 476
735 291
736 40
737 248
738 673
739 994
740 524
741 416
742 371
743 324
744 498
745 57
746 445
747 368
748 786
749 822
750 859
751 848
752 816
753 939
754 9
755 316
756 768
757 759
758 253
759 376
760 793
761 812
762 538
763 453
764 673
765 254
766 56
767 795
768 300
769 174
770 706
771 842
772 651
773 704
774 10
775 546
776 961
777 222
778 304
779 87
780 489
781 954
782 338
783 858
784 166
785 190
786 476
787 132
788 476
789 233
790 749
791 563
792 72
793 432
794 319
795 570
796 265
797 931
798 22
799 213
800 216
801 747
802 490
803 706
804 138
805 919
806 109
807 269
808 998
809 469
810 219
811 10
812 671
813 197
814 252
815 961
816 64
817 375
818 90
819 481
820 343
821 667
822 118
823 168
824 43
825 46
826 245
827 231
828 765
829 297
830 62
831 538
832 999
833 46
834 422
835 471
836 213
837 43
838 306
839 684
840 25
841 770
842 533
843 681
844 882
845 560
846 70
847 431
848 800
849 797
850 30
851 392
852 906
853 741
854 777
855 925
856 324
857 249
858 323
859 398
860 730
861 558
862 762
863 969
864 738
865 451
866 207
867 83
868 335
869 87
870 327
871 699
872 544
873 833
874 823
875 105
876 921
877 139
878 493
879 110
880 493
881 414
882 959
883 902
884 6
885 968
886 492
887 465
888 261
889 314
890 633
891 861
892 840
893 73
894 556
895 216
896 862
897 456
898 752
899 722
900 137
901 117
902 684
903 639
904 72
905 400
906 456
907 672
908 993
909 222
910 471
911 601
912 434
913 269
914 210
915 888
916 698
917 886
918 950
919 306
920 859
921 807
922 722
923 328
924 641
925 394
926 922
927 849
928 184
929 203
930 173
931 202
932 282
933 228
934 903
935 134
936 391
937 711
938 136
939 237
940 6
941 171
942 443
943 436
944 343
945 831
946 653
947 756
948 853
949 89
950 90
951 580
952 660
953 615
954 509
955 768
956 542
957 633
958 80
959 747
960 394
961 237
962 672
963 883
964 577
965 434
966 255
967 560
968 47
969 868
970 423
971 523
972 181
973 297
974 963
975 534
976 697
977 323
978 26
979 170
980 968
981 356
982 455
983 829
984 478
985 850
986 308
987 689
988 466
989 508
990 647
991 649
992 109
993 584
994 660
995 820
996 380
997 470
998 802
999 207
